219219219219219219219219219219219219219219219219219219219219219219219219219219219219219219219219219219219219219219219219
219219219219219219219219219219219219219219219219219219219219219219219219219219219219219219219219219219219219219219219219
219219219219219219219219219219219219219219219219219219219219219219219219219219219219219219219219219219219219219219219219
219219219219219219219219219219219219219219219219219219219219219219219219219219219219219219219219219219219219219219219219
219219219219219219219219219219219219219219219219219219219219219219219219219219219219219219219219219219219219219219219219
219219219219219219219219219219219219219219219219219219219219219219219219219219219219219219219219219219219219219219219219
219219219219219219219219219219219219219219219219219219219219219219219219219219219219219219219219219219219219219219219219
219219219219219219219219219219219219219219219219219219219219219219219219219219219219219219219219219219219219219219219219
219219219219219219219219219219219219219219219219219219219219219219219219219219219219219219219219219219219219219219219219
219219219219219219219219219219219219219219219219219219219219219219219219219219219219219219219219219219219219219219219219
219219219219219219219219219219219219219219219219219219219219219219219219219219219219219219219219219219219219219219219219
219219219219219219219219219219219219219219219219219219219219219219219219219219219219219219219219219219219219219219219219
219219219219219219219219219219219219219219219219219219219219176219219219219219219219219219219219219219219219219219219219
219219219219219219219219219219219219219219219219219176176176219176176176219219219219219219219219219219219219219219219219
219219219219219219219219219219219219219219219176176219219219219219219219176176219219219219219219219219219219219219219219
219219219219219219219219219219219219219219176219219219219219219219219219219219176219219219219219219219219219219219219219
219219219219219219219219219219219219219219176219219219219219219219219219219219176219219219219219219219219219219219219219
219219219219219219219219219219219219219176219219219219219219219219219219219219219176219219219219219219219219219219219219
219219219219219219219219219219219219219176219219219219219219219219219219219219219176219219219219219219219219219219219219
219219219219219219219219219219219219219176219219219219219219219219219219219219219176219219219219219219219219219219219219
219219219219219219219219219219219219176219219219219219219219219219219219219219219219176219219219219219219219219219219219
219219219219219219219219219219219219219176219219219219219219219219219219219219219176219219219219219219219219219219219219
219219219219219219219219219219219219219176219219219219219219219219219219219219219176219219219219219219219219219219219219
219219219219219219219219219219219219219176219219219219219219219219219219219219219176219219219219219219219219219219219219
219219219219219219219219219219219219219219176219219219219219219219219219219219176219219219219219219219219219219219219219
219219219219219219219219219219219219219219176219219219219219219219219219219219176219219219219219219219219219219219219219
219219219219219219219219219219219219219219219176176219219219219219219219176176219219219219219219219219219219219219219219
219219219219219219219219219219219219219219219219219176176176219176176176219219219219219219219219219219219219219219219219
219219219219219219219219219219219219219219219219219219219219176219219219219219219219219219219219219219219219219219219219
219219219219219219219219219219219219219219219219219219219219219219219219219219219219219219219219219219219219219219219219
219219219219219219219219219219219219219219219219219219219219219219219219219219219219219219219219219219219219219219219219
219219219219219219219219219219219219219219219219219219219219219219219219219219219219219219219219219219219219219219219219
219219219219219219219219219219219219219219219219219219219219219219219219219219219219219219219219219219219219219219219219
219219219219219219219219219219219219219219219219219219219219219219219219219219219219219219219219219219219219219219219219
219219219219219219219219219219219219219219219219219219219219219219219219219219219219219219219219219219219219219219219219
219219219219219219219219219219219219219219219219219219219219219219219219219219219219219219219219219219219219219219219219
219219219219219219219219219219219219219219219219219219219219219219219219219219219219219219219219219219219219219219219219
219219219219219219219219219219219219219219219219219219219219219219219219219219219219219219219219219219219219219219219219
219219219219219219219219219219219219219219219219219219219219219219219219219219219219219219219219219219219219219219219219
219219219219219219219219219219219219219219219219219219219219219219219219219219219219219219219219219219219219219219219219
