219219219219219219219219219219219219219219219219219219219219219219219219219219219219219219219219219219219219219219219219
219219219219219219219219219219219219219219219219219219219219219219219219219219219219219219219219219219219219219219219219
219219219219219219219219219219219219219219219219219219219219219219219219219219219219219219219219219219219219219219219219
219219219219219219219219219219219219219219219219219219219219219219219219219219219219219219219219219219219219219219219219
219219219219219219219219219219219219219219219219219219219219219219219219219219219219219219219219219219219219219219219219
219219219219219219219219219219219219219219219219219219219219219219219219219219219219219219219219219219219219219219219219
219219219219219219219219219255255255255255255255255255255219219219219219219219219219219219219219219219219219219219219219
219219219219219219219255255178178178178219219219219176176255219255255255219219219219219219219219219219219219219219219219
219219219219255255255178178178219219219219219219219219176176255176176176255219219219219219219219219219219219219219219219
219219219255176177219255219219219219219219219178219219219219176176176176176255219219219219219219219219219219219219219219
219219255176178177219219219219219219178219219219178219219219219219176176176255219219219219219219219219219219219219219219
219255176178178219219219219219219219178178219219219178178219219177177177255255255219219219219219219219219219219219219219
219255176178178178219219219219219219178178219219219219219178177178178255176176176255219219219219219219219219219219219219
219255176176178178219219178219219219219219219219219219219177177178178177177176176255219219219219219219219219219219219219
219255176176176178178178219219219219219219219219219219219177177178178219219219176176255219219219219219219219219219219219
219255176255255219219219219219219219178219219219219219219177177178178219219219219176255219219219219219219219219219219219
219219255177177219219219219219219219219178219219178219178219178178219219219219219176255219219219219219219219219219219219
219255176177219178178219219219219219219219219219219219219219219219219219219176176176255219219219219219219219219219219219
219255176219219219219178219219219219219219219219219219219219255255255219219176176176255219219219219219219219219219219219
219255176176219219219219219219219219255255255219219219219255176219178255176176176255219219219219219219219219219219219219
219255176176176219219219219219176255178178178255219255255176219219178255176176255219219219219219219219219219219219219219
219219255176176255176176176176255176178219219178255176176219219178255176176255219219219219219219219219219219219219219219
219219219255176176255176176176255255177178219219219219219219178255219255255219219219219219219219219219219219219219219219
219219219219255255219255255255176255176178219219219219219178255219219219219219219219219219219219219219219219219219219219
219219219219219219219219219219255255176178219219219219219178255219219219219219219219219219219219219219219219219219219219
219219219219219219219219219219219219255176178219255255219178255219219219219219219219219219219219219219219219219219219219
219219219219219219219219219219219219255176178219255255255178255219219219219219219219219219219219219219219219219219219219
219219219219219219219219219219219219255176178219255255255178255219219219219219219219219219219219219219219219219219219219
219219219219219219219219219219219219255176178219219255219219178255219219219219219219219219219219219219219219219219219219
219219219219219219219219219219219219255176178219219219219219178255219219219219219219219219219219219219219219219219219219
219219219219219219219219219219219219255176219219219219219219178255219219219219219219219219219219219219219219219219219219
219219219219219219219219219219219255176177219219219219219219178255219219219219219219219219219219219219219219219219219219
219219219219219219219219219219219255176177219219219219219219219255219219219219219219219219219219219219219219219219219219
219219219219219219219219219219219255176177219219219219219219219219255219219219219219219219219219219219219219219219219219
219219219219219219219219219219219255176177219219219177219219219219219255219219219219219219219219219219219219219219219219
219219219219219219219219219219255176177219219255176177177219219219219178255219219219219219219219219219219219219219219219
219219219219219219219219219255176177219219255176177177177177219219219219178255219219219219219219219219219219219219219219
219219219219219219219219219219219219219219219219177219219219219219219219219219219219219219219219219219219219219219219219
219219219219219219219219219219219219219219219219219219219219219219219219219219219219219219219219219219219219219219219219
219219219219219219219219219219219219219219219219219219219219219219219219219219219219219219219219219219219219219219219219
