178178178178178178178178178178178178178178178178178178178178178178178178178178178178178178178178178178178178178178
178178178178178178178178178178178255255255255178178178178178178178178178178178178178178178178178178178178178178178
178178178178178178178178178255255219219219219255255178178178178255255255255255255255255178178178178178178178178178
178178178178178178178178255219219219219219219219219255178178255219255255219219219255255178178178178178178178178178
178178178178178178178255219219219219219219219219219219255178255219255255219255255255178178178178178178178178178178
178178178178178178178255219219219219219219219219219219255178255219255255219219255255178178178178178178178178178178
178178178178178178178255219219219219219219178178219219255178255219255255219255255178178178178178178178178178178178
178178178178178178255219219219219219219219219178178219219255255219219255219255255178178178178178178178178178178178
178178178178178178255219219219219219219219219219178219219255255255255255255255178178178178178178178178178178178178
178178178178178178255219219219219219219219219219219219219255178178178178178178178178178178178178178178178178178178
178178178178178178178255219219219219219219219219219219255255255255255178255255255255178178255255255255255178178178
178178178178178178178255219219219219219219219219219219255255219219255255219219219255255255255219219219255178178178
178178178178178178178178255219219219219219219219219255178255219255255255219255219255219219255255219255255178178178
178178178178178178178178178255255219219219219255255178178255219255255255219219219255219255219255219255178178178178
178178178178178178178178178178178255219219255178178178178255219255255255219255219255219219255255219255178178178178
178178178178178178178178178178178178255255178178178178178255219219255255255255255255219255219255219255178178178178
178178178178178178178178178178178255219219255178178178178255255255255178178178178255219255219255219255178178178178
178178178178178178178178178178178255255255255178178178178178178178178178178178178255255255255255219255178178178178
178178178178178178178178178178178178255178178178178255255178178178178178178178178255255255178255219255178178178178
178178178178178178178178178178178178255178178178255219219255178178178178178178255219219255178255255255178178178178
178178178178178178178178178178178178255178178178255219219219255178178178178255219219219255178178178178178178178178
178178178178178178178178178178178178255178178178255219219219219255255255255219219219219255178178178178178178178178
178178178178178178178178178178178178255178178178255219219219219219219219219219219219219255178178178178178178178178
178178178178178178178178178178178255178178178255219219219219219219219219219219219219219219255178178178178178178178
178178178178178178178178178178178255178178178255219219219177255219219219219219177255219219255178178178178178178178
178178178178178178178178178178178255178178178255219219219255255219219219255219255255219219255178178178178178178178
178178178178178178178178178178178255178178178255219177177219219219219219219219219219177177255178178178178178178178
178178178178178178178178178178178255178178178255219177177219255219219255219219255219177177255178178178178178178178
178178178178178178178178178178178255178178255219255219219219255255255255255255255219219255178178178178178178178178
178178178178178178178178178178178255178178255219219255219219219219219219219219219219255178178178178178178178178178
178178178178178178178178178178178178255255219219219219255255255255255255255255255255178178178178178178178178178178
178178178178178178178178178178178178178255255219219219219219219219219219219219255178178178178178178178178178178178
178178178178178178178178178178178178178255255219219219219219255219219219219219219255178178178178178178178178178178
178178178178178178178178178178178178255219219255255219219219255219219255219219219255178178178178178178178178178178
178178178178178178178178178178178178255219219219219255219219255219255178255219219255178178178178178178178178178178
178178178178178178178255255255255178255219219219219255219219255219255178255219219255178178178178178178178178178178
178178178178178178178255219219255255255219219219219255219219255219255178255219219255178178178178178178178178178178
178178178178178178178255255219219255255219219219219219255255255219255178178255255178178178178178178178178178178178
178178178178178178178178255255219219255219219219219219219219219255255178178178178178178178178178178178178178178178
178178178178178178178178178255255219255219219219219219219219219219255178178178178178178178178178178178178178178178	
178178178178178178178178178178255255255219219219219219219219219219255178178178178178178178178178178178178178178178
178178178178178178178178178178178178178255219219219219219219219219255178178178178178178178178178178178178178178178
178178178178178178178178178178178178178255219219219255255255219219255178178178178178178178178178178178178178178178
178178178178178178178178178178178178178255219219255178178255219219255178178178178178178178178178178178178178178178
178178178178178178178178178178178178178255219219255178178255219219255178178178178178178178178178178178178178178178
178178178178178178178178178178178178178255219219255178178255219219255178178178178178178178178178178178178178178178
178178178178178178178178178178178178178178255255178178178178255255178178178178178178178178178178178178178178178178
178178178178178178178178178178178178178178178178178178178178178178178178178178178178178178178178178178178178178178