219219219219219219219219219219219219219219219219219219219219219219219219219219219219219219219219219219219219219219219219
219219219219219219219219219219219219219219219219219219219219219219219219219219219219219219219219219219219219219219219219
219219219219219219219219219219219219219219219219219219219219219219219219219219219219219219219219219219219219219219219219
219219219219219219219219219219219219219219219219219219219219219219219219219219219219219219219219219219219219219219219219
219219219219219219219219219219219219219219219219219219219219219219219219219219219219219219219219219219219219219219219219
219219219219219219219219219219219219219219219219219219219219219219219219219219219219219219219219219219219219219219219219
219219219219219219219219219219219219219219219219219219219219219219219219219219219219219219219219219219219219219219219219
219219219219219219219219219219219219219219219219219219219219219219219219219219219219219219219219219219219219219219219219
219219219219219219219219219219219219219219219219219219219219219219219219219219219219219219219255219219219219219219219219
219219219219219219219219219219219219219219219219219219219219219219219219219219219255255255255219255255255255219219219219
219219219219219219219219219219219219219219219219219219219219219219219219219255255219219219219219219219219219255255219219
219219219219219219219219219219219219219219219219219219219219219219219219255219219219219219219219219219219219219219255219
219219219219219219219219219219219219219219219219219219219219219219219255219219219219219219219219219219219219219219219255
219219219219219219219219219219219219219219219219219219219219219219255219219219219219219219219219219219219219219219219219
219219219219219219219219219219219219219219219219219219219219219255219219219219219219219219219219219219219219219219219219
219219219219219219219219219219219219219219219219219219219219219255219219219219219219219219219219219219219219219219219219
219219219219219219219219219219219219219219219219219219219219255219219219219219219219219219219219219219219219219219219219
219219219219219219219219219219219219219219219219219219219219255219219219219219219219219219219219219219219219219219219219
219219219219219219219219219219219219219219219219219219219219255219219219219219219219219219219219219219219219219219219219
219219219219219219219219219219219219219219219219219219219219255219219219219219219219219219219219219219219219219219219219
219219219219219219219219219219219219219219219219219219219255219219219219219219219219219219219219219219219219219219219219
219219219219219219219219219219219219219219219219219219219219255219219219219219219219219219219219219219219219219219219219
219219219219219219219219219219219219219219219219219219219219255219219219219219219219219219219219219219219219219219219219
219219219219219219219219219219219219219219219219219219219219255219219219219219219219219219219219219219219219219219219219
219219219219219219219219219219219219219219219219219219219219255219219219219219219219219219219219219219219219219219219219
219219219219219219219219219219219219219219219219219219219219219255219219219219219219219219219219219219219219219219219219
219219219219219219219219219219219219219219219219219219219219219255219219219219219219219219219219219219219219219219219219
219219219219219219219219219219219219219219219219219219219219219219255219219219219219219219219219219219219219219219219219
219219219219219219219219219219219219219219219219219219219219219219219255219219219219219219219219219219219219219219219255
219219219219219219219219219219219219219219219219219219219219219219219219255219219219219219219219219219219219219219255219
219219219219219219219219219219219219219219219219219219219219219219219219219255255219219219219219219219219219255255219219
219219219219219219219219219219219219219219219219219219219219219219219219219219219255255255255219255255255255219219219219
219219219219219219219219219219219219219219219219219219219219219219219219219219219219219219219255219219219219219219219219
219219219219219219219219219219219219219219219219219219219219219219219219219219219219219219219219219219219219219219219219
219219219219219219219219219219219219219219219219219219219219219219219219219219219219219219219219219219219219219219219219
219219219219219219219219219219219219219219219219219219219219219219219219219219219219219219219219219219219219219219219219
219219219219219219219219219219219219219219219219219219219219219219219219219219219219219219219219219219219219219219219219
219219219219219219219219219219219219219219219219219219219219219219219219219219219219219219219219219219219219219219219219
219219219219219219219219219219219219219219219219219219219219219219219219219219219219219219219219219219219219219219219219
219219219219219219219219219219219219219219219219219219219219219219219219219219219219219219219219219219219219219219219219
