219219219219219219219219219219219219219219219219219219219219219219219219219219219219219219219219219219219219219219219219
219219219219219219219219219219219219219219219219219219219219219219219219219219219219219219219219219219219219219219219219
219219219219219219219219219219219219219219219219219219219219219219219219219219219219219219219219219219219219219219219219
219219219219219219219219219219219219219219219219219219219219219219219219219219219219219219219219219219219219219219219219
219219219219219219219219219219219219219219219219219219219219219219219219219219219219219219219219219219219219219219219219
219219219219219219219219219219219219219219219219219219219219219219219219219219219219219219219219219219219219219219219219
219219219219219219219219219219219219219219219219219219219219219219219219219219219219219219219219219219219219219219219219
219219219219219219219219219219219219219219219219219219219219219219219219219219219219219219219219219219219219219219219219
219219219219219219219219219219219219219219219219219219219219219219219219219219219219219219219219219219219219219219219219
219219219219219219219219219219219219219219219219219219219219219219219219219219219219219219219219219219219219219219219219
219219219219219219219219219219219219219219219219219219219219219219219219219219219219219219219219219219219219219219219219
219219219219219219219219219219219219219219219219219219219219219219219219219219219219219219219219219219219219219219219219
219219219219219219219219219219219219219219219219219219219219219219219219219219219219219219219219219219219219219219219219
219219219219219219219219219219219219219219219255178178178178186219219219219219219219219219219219219219219219219219219219
219219219219219219219219219219219219255255255177255255255178178186186186219219219219219219219219219219219219219219219219
219219219219219219219219219219219255177177177177186176176255178178178178186219219219219219219219219219219219219219219219
219219219219219219219219219219255177177177177186176176176176255178178178178186219219219219219219219219219219219219219219
219219219219219219219219219255177177177177186176176176176176176255178178178178186219219219219219219219219219219219219219
219219219219219219219219219255177177177177186176176176176176176255178178178178186219219219219219219219219219219219219219
219219219219219219219219219255177177177177186176176176176176176255178178178178186219219219219219219219219219219219219219
219219219219219219219219255177177177177186176176176176176176176176255178178178178186219219219219219219219219219219219219
219219219219219219219219219255177177177177186176176176176176176255178178178178186219219219219219219219219219219219219219
219219219219219219219219219255177177177177186176176176176176176255178178178178186219219219219219219219219219219219219219
219219219219219219219219219255177177177177186176176176176176176255178178178178186219219219219219219219219219219219219219
219219219219219219219219219219255177177177177186176176176176255178178178178186219219219219219219219219219219219219219219
219219219219219219219219219219219255177177177177186176176255178178178178186219219219219219219219219219219219219219219219
219219219219219219219219219219219219255255255177255255255178178186186186219219219219219219219219219219219219219219219219
219219219219219219219219219219219219219219219255178178178178186219219219219219219219219219219219219219219219219219219219
219219219219219219219219219219219219219219219219219219219219219219219219219219219219219219219219219219219219219219219219
219219219219219219219219219219219219219219219219219219219219219219219219219219219219219219219219219219219219219219219219
219219219219219219219219219219219219219219219219219219219219219219219219219219219219219219219219219219219219219219219219
219219219219219219219219219219219219219219219219219219219219219219219219219219219219219219219219219219219219219219219219
219219219219219219219219219219219219219219219219219219219219219219219219219219219219219219219219219219219219219219219219
219219219219219219219219219219219219219219219219219219219219219219219219219219219219219219219219219219219219219219219219
219219219219219219219219219219219219219219219219219219219219219219219219219219219219219219219219219219219219219219219219
219219219219219219219219219219219219219219219219219219219219219219219219219219219219219219219219219219219219219219219219
219219219219219219219219219219219219219219219219219219219219219219219219219219219219219219219219219219219219219219219219
219219219219219219219219219219219219219219219219219219219219219219219219219219219219219219219219219219219219219219219219
219219219219219219219219219219219219219219219219219219219219219219219219219219219219219219219219219219219219219219219219
219219219219219219219219219219219219219219219219219219219219219219219219219219219219219219219219219219219219219219219219
