219219219219219219219219219219219219255255255255219219219219219219219219219219219219219219219219219219219219219219219219
219219219219219219219219219219255255186186186186255255219219219219219219219219219219219219219219219219219219219219219219
219219219219219219219219219255186186186186186186186186255219219219219219219219219219219219219219219219219219219219219219
219219219219219219219219255186186186186186186186186186186255219219219219219219219219219219219219219219219219219219219219
219219219219219219219219255186186186186186186186219186186255219219219219219219219219219219219219219219219219219219219219
219219219219219219219255186186186186186186186186186219186186255219219219219219219219219219219219219219219219219219219219
219219219219219219219255186186186186186186186186186186186186255219219219219219219219219219219219219219219219219219219219
219219219219219219219219255186186186186186186186186186186255219219219219219219219219219219219219219219219219219219219219
219219219219219219219219255186186186186186186186186186186255219219219219219219219219219219219219219219219219219219219219
219219219219219219219219219255186186186186186186186186255219219219219219219219219219219219219219219219219219219219219219
219219219219219219219219219219255255186186186186255255219219219219219219219219219219219219219219219219219219219219219219
219219219219219219219219219219219219255186186255219219219219219219219219219219219219219219219219219219219219219219219219
219219219219219219219219219219219219219255255219219219219219219219219219219219219219219219219219219219219219219219219219
219219219219219219219219219219219219255186186255219219219219219219219219219219219219219219219219219219219219219219219219
219219219219219219219219219219219219255255255255219219219219219219219219219219219219219219219219219219219219219219219219
219219219219219219219219219219219219219255219219219219255255219219219219219219219219255255255219219219219219219219219219
219219219219219219219219219219219219219255219219219255178178255219219219219219219255178178255219219219219219219219219219
219219219219219219219219219219219219219255219219219255178178178255219219219219255178178178255219219219219219219219219219
219219219219219219219219219219219219219255219219219255178178178178255255255255178178178178255219219219219219219219219219
219219219219219219219219219219219219219255219219219255178178178178178178178178178178178178255219219219219219219219219219
219219219219219219219219219219219219255219219219255178178178178178178178178178178178178178178255219219219219219219219219
219219219219219219219219219219219219255219219219255178178178177255178178178178178177255178178255219219219219219219219219
219219219219219219219219219219219219255219219219255178178178255255178178178255178255255178178255219219219219219219219219
219219219219219219219219219219219219255219219219255178177177178178178178178178178178178177177255219219219219219219219219
219219219219219219219219219219219219255219219219255178177177178255178178255178178255178177177255219219219219219219219219
219219219219219219219219219219219219255219219255178255178178178255255255255255255255178178255219219219219219219219219219
219219219219219219219219219219219219255219219255178178255178178178178178178178178178178255219219219219219219219219219219
219219219219219219219219219219219219219255255178178178178255255255255255255255255255255219219219219219219219219219219219
219219219219219219219219219219219219219219255255178178178178178178178178178178178255219219219219219219219219219219219219
219219219219219219219219219219219219219255178178255255178178178255178178255178178178255219219219219219219219219219219219
219219219219219219219219219255255255219255178178178178255178178255178255219255178178255219219219219219219219219219219219
219219219219219219219219255178178255255255178178178178255178178255178255219255178178255219219219219219219219219219219219
219219219219219219219219255255178178255255178178178178178255255255178255219219255255219219219219219219219219219219219219
219219219219219219219219219255255178178255178178178178178178178178255255219219219219219219219219219219219219219219219219
219219219219219219219219219219219255255255178178178178178178178178178255219219219219219219219219219219219219219219219219
219219219219219219219219219219219219219219255178178178178178178178178255219219219219219219219219219219219219219219219219
219219219219219219219219219219219219219219255178178178255255255178178255219219219219219219219219219219219219219219219219
219219219219219219219219219219219219219219255178178255219219255178178255219219219219219219219219219219219219219219219219
219219219219219219219219219219219219219219255178178255219219255178178255219219219219219219219219219219219219219219219219
219219219219219219219219219219219219219219219255255219219219219255255219219219219219219219219219219219219219219219219219
