219219219219219219219219219219219219219219219219219219219219219219219219219219219219219219219219219219219219219219219219
219219219219219219219219219219219219219219219219219219219219219219219219219219219219219219219219219219219219219219219219
219219219219219219219219219219219219219219219219219219219219219219219219219219219219219219219219219219219219219219219219
219219219219219219219219219219219219219219219219219219219219219219219219219219219219219219219219219219219219219219219219
219219219219219219219219219219219219219219219219219219219219219219219219219219219219219219219219219219219219219219219219
219219219219219219219219219219219219219219219219219219219219219219219219219219219219219219219219219219219219219219219219
219219219219219219219219219219219219219219219219219219219219219219219219219219219219219219219219219219219219219219219219
219219219219219219219219219219219219219219219219219219219219219219219219219219219219219219219219219219219219219219219219
219219219219219219219219219219219219219219219219219219219219219219219219219219219219219219219219219219219219219219219219
219219219219219219219219219219219219219219219219219219219219219219219219219219219219219219219219219219219219219219219219
219219219219219219219219219219219219219219219219219219219219219219219219219219219219219219219219219219219219219219219219
219219219219219219219219219219219219219219219219219219219219219219219219219219219219219219219219219219219219219219219219
219219219219219219219219219219219219219219219219219219219219219219219219219219219219219219219219219219219219219219219219
219219219219219219219219219219219219219219219219219219219219219219219219219219219219219219219219219219219219219219219219
219219219219219219219219219219219219219219219219219219219219186219219219219219219219219219219219219219219219219219219219
219219219219219219219219219219219219219219219219219186186186219186186186219219219219219219219219219219219219219219219219
219219219219219219219219219219219219219219219219186219219219219219219219186219219219219219219219219219219219219219219219
219219219219219219219219219219219219219219219186219219219219219219219219219186219219219219219219219219219219219219219219
219219219219219219219219219219219219219219219186219219219219219219219219219186219219219219219219219219219219219219219219
219219219219219219219219219219219219219219219186219219219219219219219219219186219219219219219219219219219219219219219219
219219219219219219219219219219219219219219186219219219219219186219219219219219186219219219219219219219219219219219219219
219219219219219219219219219219219219219219219186219219219219219219219219219186219219219219219219219219219219219219219219
219219219219219219219219219219219219219219219186219219219219219219219219219186219219219219219219219219219219219219219219
219219219219219219219219219219219219219219219186219219219219219219219219219186219219219219219219219219219219219219219219
219219219219219219219219219219219219219219219219186219219219219219219219186219219219219219219219219219219219219219219219
219219219219219219219219219219219219219219219219219186186186219186186186219219219219219219219219219219219219219219219219
219219219219219219219219219219219219219219219219219219219219186219219219219219219219219219219219219219219219219219219219
219219219219219219219219219219219219219219219219219219219219219219219219219219219219219219219219219219219219219219219219
219219219219219219219219219219219219219219219219219219219219219219219219219219219219219219219219219219219219219219219219
219219219219219219219219219219219219219219219219219219219219219219219219219219219219219219219219219219219219219219219219
219219219219219219219219219219219219219219219219219219219219219219219219219219219219219219219219219219219219219219219219
219219219219219219219219219219219219219219219219219219219219219219219219219219219219219219219219219219219219219219219219
219219219219219219219219219219219219219219219219219219219219219219219219219219219219219219219219219219219219219219219219
219219219219219219219219219219219219219219219219219219219219219219219219219219219219219219219219219219219219219219219219
219219219219219219219219219219219219219219219219219219219219219219219219219219219219219219219219219219219219219219219219
219219219219219219219219219219219219219219219219219219219219219219219219219219219219219219219219219219219219219219219219
219219219219219219219219219219219219219219219219219219219219219219219219219219219219219219219219219219219219219219219219
219219219219219219219219219219219219219219219219219219219219219219219219219219219219219219219219219219219219219219219219
219219219219219219219219219219219219219219219219219219219219219219219219219219219219219219219219219219219219219219219219
219219219219219219219219219219219219219219219219219219219219219219219219219219219219219219219219219219219219219219219219
