219219219219219219219219219219219219219219219219219219219219219219219219219219219219219219219219219219219219219219219219
219219219219219219219219219219219219219219219219219219219219219219219219219219219219219219219219219219219219219219219219
219219219219219219219219219219219219219219219219219219219219219219219219219219219219219219219219219219219219219219219219
219219219219219219219219219219219219219219219219219219219219219219219219219219219219219219219219219219219219219219219219
219219219219219219219219219219219219219219219219219219219219219219219219219219219219219219219219219219219219219219219219
219219219219219219219219219219219219219219219219219219219219219219219219219219219219219219219219219219219219219219219219
219219219219219219219219219219219219219219219219219219219219219219219219219219219219219219219219219219219219219219219219
219219219219219219219219219219219219219219219219219219219219219219219219219219219219219219219219219219219219219219219219
219219219219219219219219219219219219219219219219219219219219219219219219219219219219219219219219219219219219219219219219
219219219219219219219219219219219219219219219219219219219219219219219219219219219219219219219219219219219219219219219219
219219219219219219219219219219219219219219219219219219219219219219219219219219219219219219219219219219219219219219219219
219219219219219219219219219219219219219219219219219219219219219219219219219219219219219219219219219219219219219219219219
219219219219219219219219219219219219219219219219219219219219178219219219219219219219219219219219219219219219219219219219
219219219219219219219219219219219219219219219219219178178178219178178178219219219219219219219219219219219219219219219219
219219219219219219219219219219219219219219219178178219219219219219219219178178219219219219219219219219219219219219219219
219219219219219219219219219219219219219219178219219219219219219219219219219219178219219219219219219219219219219219219219
219219219219219219219219219219219219219219178219219219219219219219219219219219178219219219219219219219219219219219219219
219219219219219219219219219219219219219178219219219219219219219219219219219219219178219219219219219219219219219219219219
219219219219219219219219219219219219219178219219219219219219219219219219219219219178219219219219219219219219219219219219
219219219219219219219219219219219219219178219219219219219219219219219219219219219178219219219219219219219219219219219219
219219219219219219219219219219219219178219219219219219219219255219219219219219219219178219219219219219219219219219219219
219219219219219219219219219219219219219178219219219219219219219219219219219219219178219219219219219219219219219219219219
219219219219219219219219219219219219219178219219219219219219219219219219219219219178219219219219219219219219219219219219
219219219219219219219219219219219219219178219219219219219219219219219219219219219178219219219219219219219219219219219219
219219219219219219219219219219219219219219178219219219219219219219219219219219178219219219219219219219219219219219219219
219219219219219219219219219219219219219219178219219219219219219219219219219219178219219219219219219219219219219219219219
219219219219219219219219219219219219219219219178178219219219219219219219178178219219219219219219219219219219219219219219
219219219219219219219219219219219219219219219219219178178178219178178178219219219219219219219219219219219219219219219219
219219219219219219219219219219219219219219219219219219219219178219219219219219219219219219219219219219219219219219219219
219219219219219219219219219219219219219219219219219219219219219219219219219219219219219219219219219219219219219219219219
219219219219219219219219219219219219219219219219219219219219219219219219219219219219219219219219219219219219219219219219
219219219219219219219219219219219219219219219219219219219219219219219219219219219219219219219219219219219219219219219219
219219219219219219219219219219219219219219219219219219219219219219219219219219219219219219219219219219219219219219219219
219219219219219219219219219219219219219219219219219219219219219219219219219219219219219219219219219219219219219219219219
219219219219219219219219219219219219219219219219219219219219219219219219219219219219219219219219219219219219219219219219
219219219219219219219219219219219219219219219219219219219219219219219219219219219219219219219219219219219219219219219219
219219219219219219219219219219219219219219219219219219219219219219219219219219219219219219219219219219219219219219219219
219219219219219219219219219219219219219219219219219219219219219219219219219219219219219219219219219219219219219219219219
219219219219219219219219219219219219219219219219219219219219219219219219219219219219219219219219219219219219219219219219
219219219219219219219219219219219219219219219219219219219219219219219219219219219219219219219219219219219219219219219219
