176176176176176176176176176176176176176176176176176176176176176176176176176176176176176176176176176176176176176176178178178178176176176176255255255255255255255255255255255255255255255255255255255255255255178178
176176176176176176176176176176176176176176176176176176176176176176176176176176176176176176176176176176176176176176178178178178176176176176255219219219219219219219219219219219255219219219219219219219219255178178
176176176176176176176176176176176176176176176176176176176176176176176176176176176176176176176176176176176176176176178178178178176176176176255219176176176179179179255255255219255219255255119255255255219255178178
176176176176176176176176176176176176176176176176176176176176176176176176176176176176176176176176176176176176176176178178178178176176176176255219176049176179051179255053255219255219255255094255255255219255178178
176176176176176176176176176176176176176176176176176176176176176176176176176176176176176176176176176176176176176176178178178178176176176176255219176176176179179179255255255219255219097060255062100255219255178178
176176176176176176176176176176176176176176176176176176176176176176176176176176176176176176176176176176176176176176178178178178176176176176255219178178178219219219035035035219255219255255118255255255219255178178
176176176176176176176176176176176176176176176176176176176176176176176176176176176176176176176176176176176176176176178178178178176176176176255219178050178219052219035054035219255219255255115255255255219255178178
176176176176176176176176176176176176176176176176176176176176176176176176176176176176176176176176176176176176176176178178178178176176176176255219178178178219219219035035035219255219255255255255255255219255178178
176176176176176176176176176176176176176176176176176176176176176176176176176176176176176176176176176176176176176176178178178178176176176176255219219219219219219219219219219219255219219219219219219219219255178178
176176176176176176176176176176176176176176176176176176176176176176176176176176176176176176176176176176176176176176178178178178176176176176255255255255255255255255255255255255255255255255255255255255255255178178
176176176176176176176176176176176176176176176176176176176176176176176176176176176176176176176176176176176176176176178178178178176176176176255219219219219219219219219219219219219219219219219219219219219219178178
176176176176176176176176176176176176176176176176176176176176176176176176176176176176176176176176176176176176176176178178178178176176176176255219065116097108104111115058255255255255255255255255255255255219178178
176176176176176176176176176176176176176176176176176176176176176176176176176176176176176176176176176176176176176176178178178178176176176176255219099061062067105114099117108111255255255255255255255255255219178178
176176176176176176176176176176176176176176176176176176176176176176176176176176176176176176176176176176176176176176178178178178176176176176255219101061062083097105114255113061062081117097100114097100111219178178
176176176176176176176176176176176176176176176176176176176176176176176176176176176176176176176176176176176176176176178178178178176176176176255219112061062083097108118097114255255255255255255255255255255219178178
176176176176176176176176176176176176176176176176176176176176176176176176176176176176176176176176176176176176176176178178178178176176176176255219082101116097115061062092255124255047255045255058255043045219178178
176176176176176176176176176176176176176176176176176176176176176176176176176176176176176176176176176176176176176176178178178178176176176176255219219219219219219219219219219219219219219219219219219219219219178178
176176176176176176176176176176176176176176176176176176176176176176176176176176176176176176176176176176176176176176178178178178176176176176255255255255255255255255255255255255255255255255255255255255255255178178
176176176176176176176176176176176176176176176176176176176176176176176176176176176176176176176176176176176176176176178178178178176176176176255255255255255255255255255255255255255255255255255255255255255255178178
176176176176176176176176176176176176176176176176176176176176176176176176176176176176176176176176176176176176176176178178178178176176176176255219219219219219219219219219219219219219219219219219219219219219178178
176176176176176176176176176176176176176176176176176176176176176176176176176176176176176176176176176176176176176176178178178178176176176176255219219255219219219255219219255219219255255255219255255219219219178178
176176176176176176176176176176176176176176176176176176176176176176176176176176176176176176176176176176176176176176178178178178176176176176255219219255219255219255219255219255219255219219219255219255219219178178
176176176176176176176176176176176176176176176176176176176176176176176176176176176176176176176176176176176176176176178178178178176176176176255219219255219255219255219255255255219219255255219255219255219219178178
176176176176176176176176176176176176176176176176176176176176176176176176176176176176176176176176176176176176176176178178178178176176176176255219219255219255219255219255219255219219219255219255219255219219178178
176176176176176176176176176176176176176176176176176176176176176176176176176176176176176176176176176176176176176176178178178178176176176176255219219219255219255219219255219255219255255255219255255219219219178178
176176176176176176176176176176176176176176176176176176176176176176176176176176176176176176176176176176176176176176178178178178176176176176255219219219219219219219219219219219219219219219219219219219219219178178
176176176176176176176176176176176176176176176176176176176176176176176176176176176176176176176176176176176176176176178178178178176176176176255255255255255255255255255255255255255255255255255255255255255255178178
176176176176176176176176176176176176176176176176176176176176176176176176176176176176176176176176176176176176176176178178178178176176176176255255255255255255255255255255255255255255255255255255255255255255178178
176176176176176176176176176176176176176176176176176176176176176176176176176176176176176176176176176176176176176176178178178178176176176176255219219219219219219219219219219219219219219219219219219219219219178178
176176176176176176176176176176176176176176176176176176176176176176176176176176176176176176176176176176176176176176178178178178176176176176255219219219255255219255255255219255255255219255255255219219219219178178
176176176176176176176176176176176176176176176176176176176176176176176176176176176176176176176176176176176176176176178178178178176176176176255219219219255219219255219255219255219255219219255219219219219219178178
176176176176176176176176176176176176176176176176176176176176176176176176176176176176176176176176176176176176176176178178178178176176176176255219219219255219219255255255219255255219219219255219219219219219178178
176176176176176176176176176176176176176176176176176176176176176176176176176176176176176176176176176176176176176176178178178178176176176176255219219219255219219255219255219255219255219219255219219219219219178178
176176176176176176176176176176176176176176176176176176176176176176176176176176176176176176176176176176176176176176178178178178176176176176255219219219255255219255219255219255219255219219255219219219219219178178
176176176176176176176176176176176176176176176176176176176176176176176176176176176176176176176176176176176176176176178178178178176176176176255219219219219219219219219219219219219219219219219219219219219219178178
176176176176176176176176176176176176176176176176176176176176176176176176176176176176176176176176176176176176176176178178178178176176176176255255255255255255255255255255255255255255255255255255255255255255178178
176176176176176176176176176176176176176176176176176176176176176176176176176176176176176176176176176176176176176176178178178178176176176176177177177177177177177177177177177177177177177177177177177177177177178178
176176176176176176176176176176176176176176176176176176176176176176176176176176176176176176176176176176176176176177178178178178176176176176176177177177177177177177177177177177177177177177177177177177177177177178
176176176176176176176176176176176176176176176176176176176176176176176176176176176176176176176176176176176176177177178178178178176176176176176176177177177177177177177177177177177177177177177177177177177177177177
176176176176176176176176176176176176176176176176176176176176176176176176176176176176176176176176176176177177177177178178178177176176176176176176176176176176176176176176176176176176176176176176176176176176176176
176176176176176176176176176176176176176176176176176176176176176176176176176176176176176176176176176176177177177177178178177177176176176176176176176176176176176176176176176176176176176176176176176176176176176176
176176176176176176176176176176176176176176176176176176176176176176176176176176176176176176176176176176177177177177177178177177176176176176176176176176176176176176176176176176176176176176176176176176176176176176